//PG00
00  F0 10 08 01 01 00 0F 0F  00 00 0F 0F 00 00 0F 0F  |                |
10  0C 08 08 00 0D 0E 00 00  0E 0F 01 00 01 00 00 00  |                |
20  01 00 01 00 01 00 0F 0F  00 00 00 00 05 00 0A 00  |                |
30  0F 0F 00 00 00 00 00 00  01 00 0F 0F 00 00 00 00  |                |
40  02 00 01 00 0F 0F 00 00  00 00 01 00 11 F7        |              |

//PG01
00  F0 10 08 01 01 01 0F 0F  00 00 0F 0F 00 00 0F 0F  |                |
10  08 04 01 01 0C 05 00 00  0E 0F 01 00 01 00 00 00  |                |
20  01 00 02 00 01 00 0F 0F  00 00 00 00 05 00 0A 00  |                |
30  0F 0F 00 00 00 00 00 00  01 00 0F 0F 00 00 00 00  |                |
40  02 00 01 00 0F 0F 00 00  00 00 01 00 46 F7        |            F |

//PG02
00  F0 10 08 01 01 02 0F 0F  00 00 0F 0F 00 00 00 00  |                |
10  07 05 0E 00 0E 05 00 00  0E 0F 01 00 01 00 00 00  |                |
20  01 00 03 00 01 00 0F 0F  00 00 00 00 05 00 0A 00  |                |
30  0F 0F 00 00 00 00 00 00  01 00 0F 0F 00 00 00 00  |                |
40  02 00 01 00 0F 0F 00 00  00 00 01 00 56 F7        |            V |

             |

//Send 16 - Mode Change - Bits 4,5              |
0090  00 00 00 00 0C 08 08 00  0D 0E 00 00 0E 0F 01 00  | XXX               |


16 Native
0000  F0 10 08 01 01 10 01 00  06 00 01 00 00 00 01 00  |                |
0010  00 00 00 00 01 00 08 00  00 00 00 00 00 00 0E 0F  |                |
0020  0E 01 0A 00 00 00 01 00  00 01 00 03 00 01 03 04  |                |
0030  01 00 0C 03 01 00 08 04  01 00 00 03 00 00 0C 03  |                |
0040  00 00 0C 03 00 00 0C 03  00 00 01 00 0C 03 08 00  |                |
0050  01 00 0C 03 01 00 08 04  01 00 0C 03 01 00 00 03  |                |
0060  01 00 0C 03 01 00 08 04  01 00 0C 03 01 00 00 03  |                |
0070  01 00 0F 07 00 00 0F 07  0D 03 00 00 0F 02 00 00  |                |
0080  04 02 00 00 03 00 00 00  03 00 0F 0F 00 00 0F 0F  |                |
0090  00 00 0F 0F 0C 08 08 00  0D 0E 00 00 0E 0F 01 00  |                |
00A0  01 00 00 00 01 00 01 00  01 00 0F 0F 00 00 00 00  |                |
00B0  05 00 0A 00 0F 0F 00 00  00 00 00 00 01 00 0F 0F  |                |
00C0  00 00 00 00 02 00 01 00  0F 0F 00 00 00 00 01 00  |                |
00D0  09 01 00 03 0F 07 0C 03  0A 07 08 04 0F 07 0B 04  |                |
00E0  0D 07 0F 04 0F 07 0C 02  01 05 08 03 0D 07 0E 02  |                |
00F0  01 07 0A 03 09 07 0B 02  0A 07 07 03 0D 06 02 03  |                |
0100  0A 07 00 03 0F 07 0C 03  0A 07 0C 02 0F 07 08 03  |                |
0110  0F 07 03 03 09 07 0F 03  0F 07 03 03 05 06 02 03  |                |
0120  01 07 0E 03 0A 07 0A 04  01 07 0E 02 05 07 02 05  |                |
0130  09 07 0D 04 0A 07 0F 04  0F 07 00 03 0A 07 08 04  |                |
0140  0A 07 0B 04 05 07 0C 03  0F 07 0C 02 0F 07 08 03  |                |
0150  0F 07 04 00 00 00 09 01  00 00 00 00 00 00 07 01  |                |
0160  00 04 01 00 00 00 01 00  03 00 05 04 01 00 00 00  |                |
0170  0E 00 0A 00 0A 04 01 00  00 00 0E 00 0A 00 0F 04  |                |
0180  01 00 00 00 0E 00 0B 00  04 05 02 00 00 00 02 00  |                |
0190  04 01 09 05 03 00 00 00  03 00 00 00 0E 05 04 00  |                |
01A0  00 00 04 00 05 01 03 06  05 00 00 00 05 00 04 00  |                |
01B0  08 06 05 00 0C 00 06 00  0A 00 0D 06 06 00 0C 00  |                |
01C0  06 00 0E 00 02 07 07 00  00 00 07 00 0B 00 07 07  |                |
01D0  08 00 00 00 08 00 04 01  0C 07 09 00 00 00 09 00  |                |
01E0  01 00 01 08 0A 00 00 00  0A 00 05 01 06 08 0B 00  |                |
01F0  00 00 0B 00 03 00 0B 08  0C 00 00 00 0C 00 08 00  |                |
0200  00 09 0C 00 0C 00 0D 00  01 00 05 09 0D 00 00 00  |                |
0210  0D 00 01 00 0A 09 0D 00  0C 00 0E 00 0D 00 0F 09  |                |
0220  0E 00 0C 00 0E 00 0F 00  04 0A 0F 00 00 00 0F 00  |                |
0230  0F 00 09 0A 0F 00 00 00  0F 00 0C 00 0E 0A 0F 00  |                |
0240  00 00 0F 00 00 01 03 0B  0F 00 00 00 0F 00 0F 00  |                |
0250  08 0B 00 01 00 00 05 01  01 00 0D 0B 00 01 00 00  |                |
0260  00 01 06 01 02 0C 00 01  00 00 05 01 01 00 07 0C  |                |
0270  00 01 00 00 05 01 01 00  0C 0C 01 01 00 00 01 01  |                |
0280  03 00 01 0D 02 01 00 00  02 01 06 01 06 0D 03 01  |                |
0290  00 00 04 01 07 01 0B 0D  0B 00 2E F7              |          . |

MD5 checksum:   83b93ff7f7031527c034aa4770d58b6f
SHA-1 checksum: cd22cfe406ef5ea01f3b25c9959eae61ba8adf57


0000  F0 10 08 01 04 01 00 06  00 01 00 00 00 01 00 00  |                |
0010  00 00 00 01 00 08 00 00  00 00 00 00 00 0E 0F 0E  |                |
0020  01 0A 00 00 00 01 00 00  01 00 03 00 01 03 04 01  |                |
0030  00 0C 03 01 00 08 04 01  00 00 03 00 00 0C 03 00  |                |
0040  00 0C 03 00 00 0C 03 00  00 01 00 0C 03 08 00 01  |                |
0050  00 0C 03 01 00 08 04 01  00 0C 03 01 00 00 03 01  |                |
0060  00 0C 03 01 00 08 04 01  00 0C 03 01 00 00 03 01  |                |
0070  00 0F 07 00 00 0F 07 0D  03 00 00 0F 02 00 00 04  |                |
0080  02 00 00 03 00 00 00 03  00 00 00 00 00 0F 0F 00  |                |
0090  00 00 00 0C 08 08 00 0D  0E 00 00 0E 0F 01 00 01  |                |
00A0  00 00 00 01 00 01 00 01  00 0F 0F 00 00 00 00 05  |                |
00B0  00 0A 00 0F 0F 00 00 00  00 00 00 01 00 0F 0F 00  |                |
00C0  00 00 00 02 00 01 00 0F  0F 00 00 00 00 01 00 08  |                |
00D0  00 04 05 0F 04 09 01 00  00 03 09 04 00 0F 0F 0F  |                |
00E0  03 0F 03 03 01 05 04 04  05 04 04 04 04 04 01 0A  |                |
00F0  04 00 04 09 04 09 04 03  01 09 05 05 04 0F 0F 0F  |                |
0100  0F 0D 00 0F 0F 03 06 01  03 01 03 0B 00 00 04 0F  |                |
0110  0F 0E 04 0E 04 01 01 0E  05 0A 04 00 05 00 05 02  |                |
0120  01 03 06 09 05 02 05 02  05 04 00 0F 04 0E 05 01  |                |
0130  05 01 05 09 00 0F 04 0D  06 00 05 00 05 0D 03 08  |                |
0140  06 04 05 01 03 01 03 02  01 0A 04 0F 0F 02 05 02  |                |
0150  05 05 02 03 06 0F 04 07  05 07 05 0F 00 0E 05 03  |                |
0160  06 07 05 07 05 00 02 0C  07 0F 04 0C 02 0C 02 0F  |                |
0170  07 09 05 0D 06 08 03 08  03 0F 07 0E 05 02 07 03  |                |
0180  03 03 03 09 07 02 07 0A  09 0F 03 0F 03 0F 07 0A  |                |
0190  04 04 0A 03 03 03 03 05  06 00 09 07 07 02 03 02  |                |
01A0  03 01 07 07 07 00 04 0E  03 0E 03 0A 07 05 09 05  |                |
01B0  04 0A 04 0A 04 01 07 0F  04 0A 04 0E 02 0E 02 05  |                |
01C0  07 03 06 09 05 02 05 02  05 09 07 0F 0F 04 05 0D  |                |
01D0  04 0D 04 0A 07 04 05 0F  04 09 04 09 04 04 01 0C  |                |
01E0  0C 06 0D 02 05 02 05 05  01 08 0B 0F 04 0E 04 0E  |                |
01F0  04 06 01 03 0B 0B 0D 0B  04 0B 04 09 00 0C 07 0D  |                |
0200  0B 02 04 02 04 0F 00 06  0D 0A 04 06 04 06 04 05  |                |
0210  01 0D 0B 01 0D 0E 04 0E  04 08 01 07 0C 09 05 00  |                |
0220  00 00 00 00 00 07 01 00  04 0C 01 0F 0F 01 00 00  |                |
0230  00 01 00 03 00 05 04 03  02 0E 00 01 00 00 00 0E  |                |
0240  00 0A 00 0A 04 07 00 05  01 01 00 00 00 0E 00 0A  |                |
0250  00 0F 04 0E 00 0C 01 01  00 00 00 0E 00 0B 00 04  |                |
0260  05 05 01 00 00 02 00 00  00 02 00 04 01 09 05 0A  |                |
0270  02 07 00 03 00 00 00 03  00 00 00 0E 05 01 03 03  |                |
0280  02 04 00 00 00 04 00 05  01 03 06 08 03 0A 02 05  |                |
0290  00 00 00 05 00 04 00 08  06 0F 03 01 03 05 00 0C  |                |
02A0  00 06 00 0A 00 0D 06 06  04 08 03 06 00 0C 00 06  |                |
02B0  00 0E 00 02 07 0D 04 0F  03 07 00 00 00 07 00 0B  |                |
02C0  00 07 07 04 05 06 04 08  00 00 00 08 00 04 01 0C  |                |
02D0  07 0B 05 0D 04 09 00 00  00 09 00 01 00 01 08 02  |                |
02E0  06 04 05 0A 00 00 00 0A  00 05 01 06 08 09 06 0B  |                |
02F0  05 0B 00 00 00 0B 00 03  00 0B 08 00 07 02 06 0C  |                |
0300  00 00 00 0C 00 08 00 00  09 07 07 09 06 0C 00 0C  |                |
0310  00 0D 00 01 00 05 09 0E  07 00 07 0D 00 00 00 0D  |                |
0320  00 01 00 0A 09 05 08 07  07 0D 00 0C 00 0E 00 0D  |                |
0330  00 0F 09 0C 08 0E 07 0E  00 0C 00 0E 00 0F 00 04  |                |
0340  0A 08 0A 05 08 0F 00 00  00 0F 00 0F 00 09 0A 0F  |                |
0350  0F 0A 09 0F 00 00 00 0F  00 0C 00 0E 0A 03 09 01  |                |
0360  0A 0F 00 00 00 0F 00 00  01 03 0B 0A 09 08 0A 0F  |                |
0370  00 00 00 0F 00 0F 00 08  0B 01 0A 0C 08 00 00 00  |                |
0380  00 00 00 00 00 00 00 00  00 00 00 00 00 00 00 00  |                |
0390  00 00 00 00 00 00 00 00  00 00 00 00 00 00 00 00  |                |
03A0  00 00 00 00 00 00 00 00  00 00 00 00 00 00 00 00  |                |
03B0  00 00 00 00 00 00 00 00  00 00 00 00 00 00 00 00  |                |
03C0  00 00 00 00 00 00 00 00  00 00 00 00 00 00 00 00  |                |
03D0  00 00 00 00 00 00 00 00  00 00 00 00 00 00 00 78  |               x|
03E0  F7                                                | |

MD5 checksum:   bca72abc5ebe3b7ee681e55703223708
SHA-1 checksum: 053145f701238bb27b909344e77fbf31691e3dc7